0.0 -0.000325531230518
0.1 -0.00292237067338
0.2 -0.00547498245065
0.3 -0.00638486381939
0.4 -0.00463257069407
0.5 -0.000335990338658
0.6 0.00530685881223
0.7 0.0106370855823
0.8 0.0142970449225
0.9 0.0156174439089
1.0 0.0143704362751
1.1 0.0101042778976
1.2 0.00166062490035
1.3 -0.0125134057555
1.4 -0.0330864286817
1.5 -0.0581074499638
1.6 -0.0818481941875
1.7 -0.0952561315117
1.8 -0.0884204655641
1.9 -0.0544464653225
2.0 0.00674487752332
2.1 0.0864315988191
2.2 0.168089447364
2.3 0.23136253212
2.4 0.25774409112
2.5 0.235981266141
2.6 0.16535420891
2.7 0.0558813013504
2.8 -0.0742963479919
2.9 -0.203172394524
3.0 -0.309324338778
3.1 -0.375483033364
3.2 -0.390838183213
3.3 -0.352238294901
3.4 -0.264562958821
3.5 -0.140290978154
3.6 0.00201871843871
3.7 0.140614281834
3.8 0.254635590214
3.9 0.328524393674
4.0 0.355375373981
4.1 0.337927421946
4.2 0.286677851845
4.3 0.215776501788
4.4 0.138340112041
4.5 0.0630819226778
4.6 -0.00650288258463
4.7 -0.0704142617894
4.8 -0.129126606963
4.9 -0.181057504652
5.0 -0.221909052841
5.1 -0.246146493162
5.2 -0.249669913706
5.3 -0.232097481653
5.4 -0.197345706769
5.5 -0.152185403323
5.6 -0.103591114941
5.7 -0.0563397088723
5.8 -0.0121048750548
5.9 0.0296155502261
6.0 0.0694694357425
6.1 0.106450830748
6.2 0.13746659356
6.3 0.158540295704
6.4 0.16691453143
6.5 0.162754757116
6.6 0.149376695235
6.7 0.131781521614
6.8 0.114279524577
6.9 0.0985297498294
7.0 0.08310170726
7.1 0.0648044029235
7.2 0.0410249833006
7.3 0.0117488411512
7.4 -0.019883806164
7.5 -0.0488055180968
7.6 -0.0703624618895
7.7 -0.0824969203635
7.8 -0.0866144071403
7.9 -0.0867213040701
8.0 -0.0873555650585
8.1 -0.0914382946142
8.2 -0.099132401803
8.3 -0.108168462731
8.4 -0.115273749172
8.5 -0.117792230251
8.6 -0.114598306212
8.7 -0.105931458651
8.8 -0.0924690881984
8.9 -0.0743923907788
9.0 -0.0511406930977
9.1 -0.0220567000593
9.2 0.0124824345627
9.3 0.0502009815104
9.4 0.0869618600079
9.5 0.117832521886
9.6 0.138715675136
9.7 0.147750985649
9.8 0.145807903669
9.9 0.135869555456
10.0 0.121671083563
10.1 0.106289356315
10.2 0.0913206070533
10.3 0.0768974453395
10.4 0.0623322705457
10.5 0.0468970132581
10.6 0.0302909585115
10.7 0.0126408987341
10.8 -0.00578858223051
10.9 -0.0248345727661
11.0 -0.0443788659924
11.1 -0.0640133345066
11.2 -0.0826917541701
11.3 -0.0986887453156
11.4 -0.110013848396
11.5 -0.115137171291
11.6 -0.113660126288
11.7 -0.106555617371
11.8 -0.0958188838829
11.9 -0.0836864244124
12.0 -0.0718100283571
12.1 -0.060784292292
12.2 -0.0502192253864
12.3 -0.0392519043318
12.4 -0.0271761936142
12.5 -0.0138522451741
12.6 0.00027043052289
12.7 0.0144396455944
12.8 0.0279568897536
12.9 0.0403683864839
13.0 0.0514074997273
13.1 0.0607919510356
13.2 0.0680764658569
13.3 0.0727105450432
13.4 0.074293765824
13.5 0.0728675999722
13.6 0.0690377805552
13.7 0.0638157093995
13.8 0.0582400589039
13.9 0.0529785411146
14.0 0.0481252099601
14.1 0.0432910804196
14.2 0.0379110210692
14.3 0.0315691809844
14.4 0.0241537113626
14.5 0.0157800698474
14.6 0.00658399468782
14.7 -0.00342744582624
14.8 -0.0143241623944
14.9 -0.0260081526079
15.0 -0.0379380980138
15.1 -0.049040844276
15.2 -0.057937219254
15.3 -0.0634231340501
15.4 -0.064976609227
15.5 -0.0630157628928
15.6 -0.0587481230181
15.7 -0.0536672018331
15.8 -0.0489449465629
15.9 -0.0450258914612
16.0 -0.0416160318027
16.1 -0.0380410722061
16.2 -0.0337501615568
16.3 -0.0286748539997
16.4 -0.0232526730699
16.5 -0.018127537169
16.6 -0.0137251180819
16.7 -0.00996390789321
16.8 -0.00627183028847
16.9 -0.00189346044209
17.0 0.00369425557804
17.1 0.0104938046005
17.2 0.0179782950979
17.3 0.0253484443558
17.4 0.0318955996384
17.5 0.0372668887405
17.6 0.0415039894256
17.7 0.0448682449588
17.8 0.0475838375844
17.9 0.0496598548709
18.0 0.0508830982202
18.1 0.0509578612053
18.2 0.0496818957142
18.3 0.0470404141713
18.4 0.0431692636224
18.5 0.0382330926861
18.6 0.0323204887754
18.7 0.0254406286621
18.8 0.0176297738224
18.9 0.00909384838388
19.0 0.000280684701673
19.1 -0.00818581656627
19.2 -0.0156922237444
19.3 -0.0218483369457
19.4 -0.026611455405
19.5 -0.030256227747
19.6 -0.0332109117116
19.7 -0.0358519661244
19.8 -0.0383625403801
19.9 -0.0407122263211
20.0 -0.0427394184459
20.1 -0.044262866034
20.2 -0.0451476731497
20.3 -0.0452986275964
20.4 -0.044613918324
20.5 -0.0429621408312
20.6 -0.0402245887371
20.7 -0.0363887169537
20.8 -0.0316280490864
20.9 -0.0262968904066
21.0 -0.0208143743774
21.1 -0.0154846450066
21.2 -0.0103515359931
21.3 -0.00518041000694
21.4 0.000404944300802
21.5 0.00669052670713
21.6 0.0136646716512
21.7 0.0209473496592
21.8 0.0278977345878
21.9 0.0338464624873
22.0 0.0383341859678
22.1 0.0412398666418
22.2 0.0427476958857
22.3 0.0431907089329
22.4 0.0428700116216
22.5 0.0419481368314
22.6 0.0404583194081
22.7 0.0383964619185
22.8 0.0358158298455
22.9 0.0328524921307
23.0 0.029663411645
23.1 0.0263220707156
23.2 0.0227478946494
23.3 0.0187264112228
23.4 0.014020525944
23.5 0.00851582482589
23.6 0.0023201232971
23.7 -0.00423745712304
23.8 -0.0107064825896
23.9 -0.0166603256571
24.0 -0.021813849103
24.1 -0.0260642210186
24.2 -0.0294524708249
24.3 -0.0320840142029
24.4 -0.0340577000234
24.5 -0.0354332152697
24.6 -0.0362341829985
24.7 -0.0364630805311
24.8 -0.0361070702405
24.9 -0.0351345159072
25.0 -0.0335005530702
25.1 -0.0311789734877
25.2 -0.0282152955744
25.3 -0.0247688315385
25.4 -0.0211031048949
25.5 -0.0175066004088
25.6 -0.0141700932422
25.7 -0.0110850476091
25.8 -0.0080311968628
25.9 -0.00468087809566
26.0 -0.000781749894873
26.1 0.00367360162669
26.2 0.00838792496316
26.3 0.0128545619107
26.4 0.0165695383494
26.5 0.019254129323
26.6 0.0209696763643
26.7 0.022061189253
26.8 0.022959068693
26.9 0.023946980438
27.0 0.0250228357212
27.1 0.0259270234467
27.2 0.0263170476172
27.3 0.0259849343997
27.4 0.0249907925396
27.5 0.0236356927545
27.6 0.0222903412904
27.7 0.0211787209602
27.8 0.0202406938352
27.9 0.0191514703026
28.0 0.017486898145
28.1 0.0149435138503
28.2 0.0114960430798
28.3 0.00741471840657
28.4 0.00314434774438
28.5 -0.000880743110687
28.6 -0.00438678899542
28.7 -0.00730850209946
28.8 -0.00973247699644
28.9 -0.0117905200452
29.0 -0.0135739313239
29.1 -0.0151114828029
29.2 -0.016403982648
29.3 -0.017471329534
29.4 -0.0183666918066
29.5 -0.0191442418
29.6 -0.0198069167263
29.7 -0.0202796620641
29.8 -0.0204377576619
29.9 -0.0201800015117
30.0 -0.0195007107302
30.1 -0.0185075967423
30.2 -0.017367952039
30.3 -0.0162073242726
30.4 -0.0150207154784
30.5 -0.013658962812
30.6 -0.0119063571689
30.7 -0.00961114217697
30.8 -0.00679548335357
30.9 -0.00367980580484
31.0 -0.000604259503704
31.1 0.00211099148418
31.2 0.00429056954232
31.3 0.00594846142474
31.4 0.00723579802626
31.5 0.00833157835528
31.6 0.00934555233093
31.7 0.0102881477055
31.8 0.0111150121483
31.9 0.0118046892239
32.0 0.0124086428296
32.1 0.0130349119886
32.2 0.0137746826507
32.3 0.0146227556802
32.4 0.0154502488562
32.5 0.0160553980901
32.6 0.016266797544
32.7 0.0160366120217
32.8 0.0154641067294
32.9 0.0147318721496
33.0 0.0139923665673
33.1 0.0132754679888
33.2 0.0124764736656
33.3 0.0114341163876
33.4 0.0100503519601
33.5 0.00837464561243
33.6 0.00659483130897
33.7 0.00493386742733
33.8 0.00351220199406
33.9 0.0022611088964
34.0 0.000945875651375
34.1 -0.000706428855496
34.2 -0.00284358118228
34.3 -0.00538262463645
34.4 -0.00802486578812
34.5 -0.0103858349046
34.6 -0.0121686802295
34.7 -0.0132851228577
34.8 -0.0138597274962
34.9 -0.0141218386362
35.0 -0.0142541392363
35.1 -0.0142891676523
35.2 -0.0141126705671
35.3 -0.013565768768
35.4 -0.0125774185959
35.5 -0.0112411022869
35.6 -0.0097853101683
35.7 -0.00845411988662
35.8 -0.00737114802843
35.9 -0.00647238195099
36.0 -0.00555293460164
36.1 -0.00440349426502
36.2 -0.00295570880063
36.3 -0.00134643753317
36.4 0.000144392950117
36.5 0.0012537105731
36.6 0.00190400248652
36.7 0.00228052210439
36.8 0.00276260297399
36.9 0.00373356140407
37.0 0.00536257741317
37.1 0.00747296773537
37.2 0.00957225099977
37.3 0.0110402265019
37.4 0.0113927072657
37.5 0.0105003312598
37.6 0.00866229027189
37.7 0.00650224989693
37.8 0.00473406241581
37.9 0.00389972272278
38.0 0.00418777027882
38.1 0.00539826477473
38.2 0.0070537665843
38.3 0.00859640931634
38.4 0.00958410671914
38.5 0.00981162090503
38.6 0.00932362316928
38.7 0.00833519401816
38.8 0.00710912647562
38.9 0.00584727202867
39.0 0.00463631628819
39.1 0.00345815487648
39.2 0.00224626304065
39.3 0.000953626351823
39.4 -0.000400903671502
39.5 -0.00172602897779
39.6 -0.00288921869449
39.7 -0.00376748171297
39.8 -0.00429333319615
39.9 -0.00447675061437
40.0 -0.00439664379779
40.1 -0.00416913893592
40.2 -0.00390856209312
40.3 -0.00369722104372
40.4 -0.00357303006291
40.5 -0.00353421936117
40.6 -0.00355319636649
40.7 -0.00359039985127
40.8 -0.00360327787995
40.9 -0.00355163826679
41.0 -0.00340404234327
41.1 -0.00314820050962
41.2 -0.00280274867819
41.3 -0.00242256623293
41.4 -0.0020893875562
41.5 -0.00188546453507
41.6 -0.00185779699719
41.7 -0.00198830295871
41.8 -0.00218592116347
41.9 -0.00230843909749
42.0 -0.00220833059595
42.1 -0.00178498839832
42.2 -0.00102192687137
42.3 5.9239946437e-06
42.4 0.0011561626214
42.5 0.00226199406397
42.6 0.00317585884744
42.7 0.00379820871386
42.8 0.00408608119256
42.9 0.0040466825744
43.0 0.00372623398055
43.1 0.00320177370142
43.2 0.00257628702928
43.3 0.00197116621412
43.4 0.00150937286686
43.5 0.00128852961155
43.6 0.00135173343326
43.7 0.00166928457917
43.8 0.0021425608135
43.9 0.00263217011387
44.0 0.00300097462496
44.1 0.00315501144204
44.2 0.00306608356676
44.3 0.00276856070435
44.4 0.00233497628617
44.5 0.00184393913523
44.6 0.00135530097456
44.7 0.000901394887604
44.8 0.000493537713855
44.9 0.000135431931792
45.0 -0.000166580151876
45.1 -0.000402194028255
45.2 -0.00056364899563
45.3 -0.000653873097917
45.4 -0.000689609927624
45.5 -0.00069673538631
45.6 -0.000700288361009
45.7 -0.000715043503361
45.8 -0.000741872117222
45.9 -0.000771371157936
46.0 -0.00079188899988
46.1 -0.00079685481047
46.2 -0.000787375105854
46.3 -0.000769421578589
46.4 -0.000748305871829
46.5 -0.000724452465057
46.6 -0.00069315374059
46.7 -0.000648130865969
46.8 -0.000586276266826
46.9 -0.000510406350273
47.0 -0.000428357243973
47.1 -0.00034916754875
47.2 -0.000278818843017
47.3 -0.000218047043449
47.4 -0.00016324793876
47.5 -0.000109562462211
47.6 -5.40783267711e-05
47.7 2.67399937144e-06
47.8 5.74543930625e-05
47.9 0.000106387476242
48.0 0.00014685398184
48.1 0.000178092174401
48.2 0.000200449106388
48.3 0.000214132657022
48.4 0.000218520435188
48.5 0.000212544975714
48.6 0.000195847121428
48.7 0.000169852774245
48.8 0.000138001345418
48.9 0.000104922345493
49.0 7.5003010502e-05
49.1 5.11043611317e-05
49.2 3.40207213625e-05
49.3 2.28084153685e-05
49.4 1.56584464805e-05
49.5 1.08057996509e-05
49.6 7.09105832414e-06
49.7 4.06708742807e-06
49.8 1.77677649079e-06
49.9 4.09773328507e-07
50.0 0.0
50.1 0.0
50.2 0.0
50.3 0.0
50.4 0.0
50.5 0.0
50.6 0.0
50.7 0.0
50.8 0.0
50.9 0.0
51.0 0.0
51.1 0.0
51.2 0.0
51.3 0.0
51.4 0.0
51.5 0.0
51.6 0.0
51.7 0.0
51.8 0.0
51.9 0.0
52.0 0.0
52.1 0.0
52.2 0.0
52.3 0.0
52.4 0.0
52.5 0.0
52.6 0.0
52.7 0.0
52.8 0.0
52.9 0.0
53.0 0.0
53.1 0.0
53.2 0.0
53.3 0.0
53.4 0.0
53.5 0.0
53.6 0.0
53.7 0.0
53.8 0.0
53.9 0.0
54.0 0.0
54.1 0.0
54.2 0.0
54.3 0.0
54.4 0.0
54.5 0.0
54.6 0.0
54.7 0.0
54.8 0.0
54.9 0.0
55.0 0.0
55.1 0.0
55.2 0.0
55.3 0.0
55.4 0.0
55.5 0.0
55.6 0.0
55.7 0.0
55.8 0.0
55.9 0.0
56.0 0.0
56.1 0.0
56.2 0.0
56.3 0.0
56.4 0.0
56.5 0.0
56.6 0.0
56.7 0.0
56.8 0.0
56.9 0.0
57.0 0.0
57.1 0.0
57.2 0.0
57.3 0.0
57.4 0.0
57.5 0.0
57.6 0.0
57.7 0.0
57.8 0.0
57.9 0.0
58.0 0.0
58.1 0.0
58.2 0.0
58.3 0.0
58.4 0.0
58.5 0.0
58.6 0.0
58.7 0.0
58.8 0.0
58.9 0.0
59.0 0.0
59.1 0.0
59.2 0.0
59.3 0.0
59.4 0.0
59.5 0.0
59.6 0.0
59.7 0.0
59.8 0.0
59.9 0.0
60.0 0.0
60.1 0.0
60.2 0.0
60.3 0.0
60.4 0.0
60.5 0.0
60.6 0.0
60.7 0.0
60.8 0.0
60.9 0.0
61.0 0.0
61.1 0.0
61.2 0.0
61.3 0.0
61.4 0.0
61.5 0.0
61.6 0.0
61.7 0.0
61.8 0.0
61.9 0.0
62.0 0.0
62.1 0.0
62.2 0.0
62.3 0.0
62.4 0.0
62.5 0.0
62.6 0.0
62.7 0.0
62.8 0.0
62.9 0.0
63.0 0.0
63.1 0.0
63.2 0.0
63.3 0.0
63.4 0.0
63.5 0.0
63.6 0.0
63.7 0.0
63.8 0.0
63.9 0.0
64.0 0.0
64.1 0.0
64.2 0.0
64.3 0.0
64.4 0.0
64.5 0.0
64.6 0.0
64.7 0.0
64.8 0.0
64.9 0.0
65.0 0.0
65.1 0.0
65.2 0.0
65.3 0.0
65.4 0.0
65.5 0.0
65.6 0.0
65.7 0.0
65.8 0.0
65.9 0.0
66.0 0.0
66.1 0.0
66.2 0.0
66.3 0.0
66.4 0.0
66.5 0.0
66.6 0.0
66.7 0.0
66.8 0.0
66.9 0.0
67.0 0.0
67.1 0.0
67.2 0.0
67.3 0.0
67.4 0.0
67.5 0.0
67.6 0.0
67.7 0.0
67.8 0.0
67.9 0.0
68.0 0.0
68.1 0.0
68.2 0.0
68.3 0.0
68.4 0.0
68.5 0.0
68.6 0.0
68.7 0.0
68.8 0.0
68.9 0.0
69.0 0.0
69.1 0.0
69.2 0.0
69.3 0.0
69.4 0.0
69.5 0.0
69.6 0.0
69.7 0.0
69.8 0.0
69.9 0.0
70.0 0.0
70.1 0.0
70.2 0.0
70.3 0.0
70.4 0.0
70.5 0.0
70.6 0.0
70.7 0.0
70.8 0.0
70.9 0.0
71.0 0.0
71.1 0.0
71.2 0.0
71.3 0.0
71.4 0.0
71.5 0.0
71.6 0.0
71.7 0.0
71.8 0.0
71.9 0.0
72.0 0.0
72.1 0.0
72.2 0.0
72.3 0.0
72.4 0.0
72.5 0.0
72.6 0.0
72.7 0.0
72.8 0.0
72.9 0.0
73.0 0.0
73.1 0.0
73.2 0.0
73.3 0.0
73.4 0.0
73.5 0.0
73.6 0.0
73.7 0.0
73.8 0.0
73.9 0.0
74.0 0.0
74.1 0.0
74.2 0.0
74.3 0.0
74.4 0.0
74.5 0.0
74.6 0.0
74.7 0.0
74.8 0.0
74.9 0.0
75.0 0.0
75.1 0.0
75.2 0.0
75.3 0.0
75.4 0.0
75.5 0.0
75.6 0.0
75.7 0.0
75.8 0.0
75.9 0.0
76.0 0.0
76.1 0.0
76.2 0.0
76.3 0.0
76.4 0.0
76.5 0.0
76.6 0.0
76.7 0.0
76.8 0.0
76.9 0.0
77.0 0.0
77.1 0.0
77.2 0.0
77.3 0.0
77.4 0.0
77.5 0.0
77.6 0.0
77.7 0.0
77.8 0.0
77.9 0.0
78.0 0.0
78.1 0.0
78.2 0.0
78.3 0.0
78.4 0.0
78.5 0.0
78.6 0.0
78.7 0.0
78.8 0.0
78.9 0.0
79.0 0.0
79.1 0.0
79.2 0.0
79.3 0.0
79.4 0.0
79.5 0.0
79.6 0.0
79.7 0.0
79.8 0.0
79.9 0.0
80.0 0.0
80.1 0.0
80.2 0.0
80.3 0.0
80.4 0.0
80.5 0.0
80.6 0.0
80.7 0.0
80.8 0.0
80.9 0.0
81.0 0.0
81.1 0.0
81.2 0.0
81.3 0.0
81.4 0.0
81.5 0.0
81.6 0.0
81.7 0.0
81.8 0.0
81.9 0.0
82.0 0.0
82.1 0.0
82.2 0.0
82.3 0.0
82.4 0.0
82.5 0.0
82.6 0.0
82.7 0.0
82.8 0.0
82.9 0.0
83.0 0.0
83.1 0.0
83.2 0.0
83.3 0.0
83.4 0.0
83.5 0.0
83.6 0.0
83.7 0.0
83.8 0.0
83.9 0.0
84.0 0.0
84.1 0.0
84.2 0.0
84.3 0.0
84.4 0.0
84.5 0.0
84.6 0.0
84.7 0.0
84.8 0.0
84.9 0.0
85.0 0.0
85.1 0.0
85.2 0.0
85.3 0.0
85.4 0.0
85.5 0.0
85.6 0.0
85.7 0.0
85.8 0.0
85.9 0.0
86.0 0.0
86.1 0.0
86.2 0.0
86.3 0.0
86.4 0.0
86.5 0.0
86.6 0.0
86.7 0.0
86.8 0.0
86.9 0.0
87.0 0.0
87.1 0.0
87.2 0.0
87.3 0.0
87.4 0.0
87.5 0.0
87.6 0.0
87.7 0.0
87.8 0.0
87.9 0.0
88.0 0.0
88.1 0.0
88.2 0.0
88.3 0.0
88.4 0.0
88.5 0.0
88.6 0.0
88.7 0.0
88.8 0.0
88.9 0.0
89.0 0.0
89.1 0.0
89.2 0.0
89.3 0.0
89.4 0.0
89.5 0.0
89.6 0.0
89.7 0.0
89.8 0.0
89.9 0.0
90.0 0.0
90.1 0.0
90.2 0.0
90.3 0.0
90.4 0.0
90.5 0.0
90.6 0.0
90.7 0.0
90.8 0.0
90.9 0.0
91.0 0.0
91.1 0.0
91.2 0.0
91.3 0.0
91.4 0.0
91.5 0.0
91.6 0.0
91.7 0.0
91.8 0.0
91.9 0.0
92.0 0.0
92.1 0.0
92.2 0.0
92.3 0.0
92.4 0.0
92.5 0.0
92.6 0.0
92.7 0.0
92.8 0.0
92.9 0.0
93.0 0.0
93.1 0.0
93.2 0.0
93.3 0.0
93.4 0.0
93.5 0.0
93.6 0.0
93.7 0.0
93.8 0.0
93.9 0.0
94.0 0.0
94.1 0.0
94.2 0.0
94.3 0.0
94.4 0.0
94.5 0.0
94.6 0.0
94.7 0.0
94.8 0.0
94.9 0.0
95.0 0.0
95.1 0.0
95.2 0.0
95.3 0.0
95.4 0.0
95.5 0.0
95.6 0.0
95.7 0.0
95.8 0.0
95.9 0.0
96.0 0.0
96.1 0.0
96.2 0.0
96.3 0.0
96.4 0.0
96.5 0.0
96.6 0.0
96.7 0.0
96.8 0.0
96.9 0.0
97.0 0.0
97.1 0.0
97.2 0.0
97.3 0.0
97.4 0.0
97.5 0.0
97.6 0.0
97.7 0.0
97.8 0.0
97.9 0.0
98.0 0.0
98.1 0.0
98.2 0.0
98.3 0.0
98.4 0.0
98.5 0.0
98.6 0.0
98.7 0.0
98.8 0.0
98.9 0.0
99.0 0.0
99.1 0.0
99.2 0.0
99.3 0.0
99.4 0.0
99.5 0.0
99.6 0.0
99.7 0.0
99.8 0.0
99.9 0.0
100.0 0.0
100.1 0.0
100.2 0.0
100.3 0.0
100.4 0.0
100.5 0.0
100.6 0.0
100.7 0.0
100.8 0.0
100.9 0.0
101.0 0.0
101.1 0.0
101.2 0.0
101.3 0.0
101.4 0.0
101.5 0.0
101.6 0.0
101.7 0.0
101.8 0.0
101.9 0.0
102.0 0.0
102.1 0.0
102.2 0.0
102.3 0.0
